13 #SUP: 56
13 32 #SUP: 54
34 #SUP: 57
0 #SUP: 58
0 5 #SUP: 54
0 5 6 #SUP: 54
0 6 #SUP: 56
0 6 32 #SUP: 52
0 32 #SUP: 54
0 20 #SUP: 52
5 #SUP: 59
5 6 #SUP: 58
5 6 32 #SUP: 53
5 6 20 #SUP: 52
5 32 #SUP: 54
5 20 #SUP: 53
6 #SUP: 60
6 32 #SUP: 55
6 20 #SUP: 52
15 #SUP: 61
15 2 #SUP: 61
15 17 #SUP: 61
15 2 17 #SUP: 61
15 31 #SUP: 52
15 31 2 #SUP: 52
15 31 17 #SUP: 52
15 31 2 17 #SUP: 52
15 8 #SUP: 59
15 8 2 #SUP: 59
15 8 17 #SUP: 59
15 8 2 17 #SUP: 59
15 8 20 #SUP: 55
15 8 20 2 #SUP: 55
15 8 20 17 #SUP: 55
15 8 20 2 17 #SUP: 55
15 32 #SUP: 52
15 32 2 #SUP: 52
15 32 17 #SUP: 52
15 32 2 17 #SUP: 52
15 20 #SUP: 57
15 20 2 #SUP: 57
15 20 17 #SUP: 57
15 20 2 17 #SUP: 57
10 #SUP: 65
10 22 #SUP: 65
10 19 #SUP: 64
10 19 22 #SUP: 64
10 19 17 #SUP: 53
10 19 17 22 #SUP: 53
10 19 17 20 #SUP: 52
10 19 17 20 22 #SUP: 52
10 19 32 #SUP: 52
10 19 32 22 #SUP: 52
10 19 20 #SUP: 60
10 19 20 22 #SUP: 60
10 2 #SUP: 51
10 2 22 #SUP: 51
10 17 #SUP: 53
10 17 22 #SUP: 53
10 17 20 #SUP: 52
10 17 20 22 #SUP: 52
10 32 #SUP: 53
10 32 22 #SUP: 53
10 20 #SUP: 61
10 20 22 #SUP: 61
31 #SUP: 75
31 8 #SUP: 57
31 8 2 #SUP: 53
31 8 2 17 #SUP: 52
31 8 17 #SUP: 56
31 8 17 20 #SUP: 53
31 8 20 #SUP: 53
31 19 #SUP: 61
31 19 17 #SUP: 60
31 19 17 22 #SUP: 57
31 19 17 22 20 #SUP: 56
31 19 17 32 #SUP: 51
31 19 17 20 #SUP: 59
31 19 22 #SUP: 58
31 19 22 20 #SUP: 56
31 19 32 #SUP: 52
31 19 20 #SUP: 59
31 2 #SUP: 55
31 2 17 #SUP: 54
31 2 17 20 #SUP: 51
31 2 20 #SUP: 51
31 17 #SUP: 74
31 17 22 #SUP: 58
31 17 22 20 #SUP: 56
31 17 32 #SUP: 64
31 17 32 20 #SUP: 61
31 17 20 #SUP: 71
31 22 #SUP: 59
31 22 20 #SUP: 56
31 32 #SUP: 65
31 32 20 #SUP: 61
31 20 #SUP: 71
8 #SUP: 77
8 19 #SUP: 56
8 19 2 #SUP: 52
8 19 17 #SUP: 51
8 19 22 #SUP: 52
8 19 20 #SUP: 53
8 2 #SUP: 73
8 2 17 #SUP: 61
8 2 17 32 #SUP: 52
8 2 17 20 #SUP: 57
8 2 22 #SUP: 56
8 2 22 20 #SUP: 51
8 2 32 #SUP: 64
8 2 32 20 #SUP: 58
8 2 20 #SUP: 67
8 17 #SUP: 65
8 17 32 #SUP: 56
8 17 32 20 #SUP: 52
8 17 20 #SUP: 61
8 22 #SUP: 60
8 22 32 #SUP: 52
8 22 20 #SUP: 55
8 32 #SUP: 68
8 32 20 #SUP: 62
8 20 #SUP: 71
19 #SUP: 80
19 2 #SUP: 60
19 2 22 #SUP: 56
19 2 22 20 #SUP: 51
19 2 32 #SUP: 51
19 2 20 #SUP: 55
19 17 #SUP: 69
19 17 22 #SUP: 65
19 17 22 32 #SUP: 54
19 17 22 32 20 #SUP: 52
19 17 22 20 #SUP: 63
19 17 32 #SUP: 58
19 17 32 20 #SUP: 56
19 17 20 #SUP: 67
19 22 #SUP: 76
19 22 32 #SUP: 64
19 22 32 20 #SUP: 60
19 22 20 #SUP: 71
19 32 #SUP: 68
19 32 20 #SUP: 64
19 20 #SUP: 75
2 #SUP: 81
2 17 #SUP: 63
2 17 32 #SUP: 54
2 17 20 #SUP: 59
2 22 #SUP: 64
2 22 32 #SUP: 55
2 22 20 #SUP: 57
2 32 #SUP: 71
2 32 20 #SUP: 64
2 20 #SUP: 73
17 #SUP: 83
17 22 #SUP: 66
17 22 32 #SUP: 55
17 22 32 20 #SUP: 52
17 22 20 #SUP: 63
17 32 #SUP: 71
17 32 20 #SUP: 67
17 20 #SUP: 79
22 #SUP: 84
22 32 #SUP: 72
22 32 20 #SUP: 66
22 20 #SUP: 77
32 #SUP: 88
32 20 #SUP: 81
20 #SUP: 93
