2 #SUP: 4208
2 85 #SUP: 4208
76 #SUP: 4384
76 34 #SUP: 4384
76 86 #SUP: 4384
76 34 86 #SUP: 4384
76 85 #SUP: 4384
76 34 85 #SUP: 4384
76 86 85 #SUP: 4384
76 34 86 85 #SUP: 4384
67 #SUP: 4464
67 34 #SUP: 4464
67 86 #SUP: 4464
67 34 86 #SUP: 4464
67 85 #SUP: 4464
67 34 85 #SUP: 4464
67 86 85 #SUP: 4464
67 34 86 85 #SUP: 4464
53 #SUP: 4608
53 90 #SUP: 4608
53 34 #SUP: 4608
53 90 34 #SUP: 4608
53 86 #SUP: 4608
53 90 86 #SUP: 4608
53 34 86 #SUP: 4608
53 90 34 86 #SUP: 4608
53 85 #SUP: 4608
53 90 85 #SUP: 4608
53 34 85 #SUP: 4608
53 90 34 85 #SUP: 4608
53 86 85 #SUP: 4608
53 90 86 85 #SUP: 4608
53 34 86 85 #SUP: 4608
53 90 34 86 85 #SUP: 4608
24 #SUP: 4748
24 85 #SUP: 4748
24 90 #SUP: 4408
24 90 85 #SUP: 4408
24 90 34 #SUP: 4216
24 90 34 85 #SUP: 4216
24 90 34 86 #SUP: 4208
24 90 34 86 85 #SUP: 4208
24 90 86 #SUP: 4208
24 90 86 85 #SUP: 4208
24 34 #SUP: 4538
24 34 85 #SUP: 4538
24 34 86 #SUP: 4530
24 34 86 85 #SUP: 4530
24 86 #SUP: 4548
24 86 85 #SUP: 4548
63 #SUP: 4936
63 85 #SUP: 4936
63 59 #SUP: 4156
63 59 85 #SUP: 4156
63 36 #SUP: 4184
63 36 85 #SUP: 4184
63 90 #SUP: 4496
63 90 85 #SUP: 4496
63 90 34 #SUP: 4304
63 90 34 85 #SUP: 4304
63 90 34 86 #SUP: 4304
63 90 34 85 86 #SUP: 4304
63 90 86 #SUP: 4304
63 90 86 85 #SUP: 4304
63 34 #SUP: 4744
63 34 85 #SUP: 4744
63 34 86 #SUP: 4744
63 34 85 86 #SUP: 4744
63 86 #SUP: 4744
63 86 85 #SUP: 4744
59 #SUP: 5176
59 85 #SUP: 5176
59 36 #SUP: 4424
59 36 85 #SUP: 4424
59 36 90 #SUP: 4128
59 36 90 85 #SUP: 4128
59 36 34 #SUP: 4232
59 36 34 85 #SUP: 4232
59 36 34 86 #SUP: 4232
59 36 34 85 86 #SUP: 4232
59 36 86 #SUP: 4232
59 36 86 85 #SUP: 4232
59 90 #SUP: 4736
59 90 85 #SUP: 4736
59 90 34 #SUP: 4544
59 90 34 85 #SUP: 4544
59 90 34 86 #SUP: 4544
59 90 34 85 86 #SUP: 4544
59 90 86 #SUP: 4544
59 90 86 85 #SUP: 4544
59 34 #SUP: 4984
59 34 85 #SUP: 4984
59 34 86 #SUP: 4984
59 34 85 86 #SUP: 4984
59 86 #SUP: 4984
59 86 85 #SUP: 4984
39 #SUP: 5612
39 85 #SUP: 5612
39 36 #SUP: 4556
39 36 85 #SUP: 4556
39 36 90 #SUP: 4208
39 36 90 85 #SUP: 4208
39 36 34 #SUP: 4346
39 36 34 85 #SUP: 4346
39 36 34 86 #SUP: 4346
39 36 34 85 86 #SUP: 4346
39 36 86 #SUP: 4364
39 36 86 85 #SUP: 4364
39 90 #SUP: 4976
39 90 85 #SUP: 4976
39 90 34 #SUP: 4784
39 90 34 85 #SUP: 4784
39 90 34 86 #SUP: 4784
39 90 34 85 86 #SUP: 4784
39 90 86 #SUP: 4784
39 90 86 85 #SUP: 4784
39 34 #SUP: 5402
39 34 85 #SUP: 5402
39 34 86 #SUP: 5402
39 34 85 86 #SUP: 5402
39 86 #SUP: 5420
39 86 85 #SUP: 5420
36 #SUP: 6812
36 85 #SUP: 6812
36 90 #SUP: 6464
36 90 85 #SUP: 6464
36 90 34 #SUP: 6272
36 90 34 85 #SUP: 6272
36 90 34 86 #SUP: 6272
36 90 34 85 86 #SUP: 6272
36 90 86 #SUP: 6272
36 90 86 85 #SUP: 6272
36 34 #SUP: 6602
36 34 85 #SUP: 6602
36 34 86 #SUP: 6602
36 34 85 86 #SUP: 6602
36 86 #SUP: 6620
36 86 85 #SUP: 6620
90 #SUP: 7488
90 85 #SUP: 7488
90 34 #SUP: 7296
90 34 85 #SUP: 7296
90 34 86 #SUP: 7288
90 34 86 85 #SUP: 7288
90 86 #SUP: 7288
90 86 85 #SUP: 7288
34 #SUP: 7914
34 85 #SUP: 7914
34 86 #SUP: 7906
34 86 85 #SUP: 7906
86 #SUP: 7924
86 85 #SUP: 7924
85 #SUP: 8124
